listing_id,high,medium,low
7142618,0.139295114546,0.649131368095,0.211573517359
7210040,0.00630866578766,0.007678581592,0.98601275262
7103890,0.106853032018,0.564835152596,0.328311815385
7143442,0.263046635395,0.387574195573,0.349379169032
6860601,0.0266836017598,0.207319047518,0.765997350722
6840081,0.00227253505624,0.0023176148087,0.995409850135
6922337,0.018937953827,0.166420041313,0.81464200486
6913616,0.0435090335597,0.267746856196,0.688744110244
6937820,0.0917187485593,0.328899129971,0.579382121469
6893933,0.0432636182689,0.424396447332,0.532339934399
6832604,0.00228937538628,0.0052320566088,0.992478568005
6915282,0.00304775711907,0.0162529990187,0.980699243862
7127565,0.0181995581074,0.161278206569,0.820522235323
6827899,0.0116371017054,0.0978222631962,0.890540635098
6934855,0.00313931743965,0.00612870704926,0.990731975511
6861826,0.0138883297799,0.180094297242,0.806017372978
6871643,0.0107016906979,0.0277588294502,0.961539479852
6842542,0.0199847637123,0.194556040254,0.785459196033
6934145,0.0105501564041,0.0653148426613,0.924135000935
6829365,0.06433940938,0.326606410051,0.609054180569
7167858,0.0191352710451,0.175857407642,0.805007321313
6859483,0.00275603611044,0.00937857587624,0.987865388013
6861377,0.00437669948928,0.0199722986968,0.975651001814
6848960,0.0180105843549,0.162338781204,0.819650634441
6918850,0.0024086992868,0.0263126738229,0.97127862689
6916867,0.0318417507823,0.939092449015,0.0290658002022
6895840,0.0303578434937,0.257244675862,0.712397480645
6813539,0.0550394199444,0.42171383448,0.523246745576
7116900,0.166994614262,0.00485354605024,0.828151839688
6890328,0.00891474670951,0.00832280810736,0.982762445183
6879406,0.149750134418,0.28709023391,0.563159631671
6824924,0.00390220780553,0.012568474888,0.983529317306
6911302,0.00857830585327,0.00933217363921,0.982089520508
6918742,0.0226443832259,0.149064759001,0.828290857773
6910586,0.0103875060384,0.158425889051,0.831186604911
6821750,0.0143861647881,0.118113190102,0.86750064511
6860647,0.0931461596049,0.337923221737,0.568930618658
6932873,0.0410403181677,0.293855994987,0.665103686845
6846053,0.0605389332122,0.512478232786,0.426982834001
6940365,0.232971601148,0.472599821768,0.294428577084
6931867,0.0331493063563,0.35097310305,0.615877590594
6876383,0.00988720142111,0.154316802024,0.835795996555
6910980,0.00412019138309,0.0191920440675,0.976687764549
6880877,0.00349481627758,0.00964348314184,0.986861700581
6839552,0.37234213764,0.362687737929,0.264970124431
6838051,0.00384492803155,0.0169674025078,0.979187669461
6928201,0.287575545556,0.172984257428,0.539440197016
6945608,0.0232500197414,0.248167348335,0.728582631924
6816147,0.00657642237894,0.0160736921555,0.977349885466
6868129,0.00853075838993,0.170503723129,0.820965518481
6849448,0.00907395494885,0.178033852977,0.812892192075
7113677,0.38037635812,0.490694516837,0.128929125043
6930856,0.014290144878,0.263493756949,0.722216098173
6889594,0.0801581021042,0.355563965011,0.564277932885
6842682,0.00768764339964,0.0724711257763,0.919841230824
6880366,0.385635944724,0.455094896529,0.159269158747
6835063,0.00108070820578,0.00194035269453,0.9969789391
6820479,0.138312463141,0.332500410561,0.529187126298
6882057,0.00981651516965,0.023938444148,0.966245040682
6834440,0.0109555768459,0.170455446835,0.818588976319
6880846,0.00300156406446,0.0040561274798,0.992942308456
6847248,0.00260886970868,0.00976659351551,0.987624536776
6868368,0.00258579593921,0.0230557993483,0.974358404713
6943505,0.00293254064083,0.0262963333614,0.970771125998
7174304,0.00293833205776,0.00938769453667,0.987673973406
6880747,0.0160488186712,0.913397440721,0.0705537406079
6933565,0.0437205894209,0.293657630319,0.662621780261
6888511,0.00392339436776,0.00498237027625,0.991094235356
6942704,0.0278372923337,0.44187957755,0.530283130116
6840304,0.020711103731,0.147958916763,0.831329979506
6856860,0.0258914536136,0.26100607716,0.713102469226
6884921,0.00242975727918,0.0048228811236,0.992747361597
6937417,0.00530079364185,0.0102170420133,0.984482164345
6831129,0.00210645255343,0.0063785258419,0.991515021605
6936660,0.0635732745472,0.263234355584,0.673192369869
6940667,0.00294190258119,0.0129489895284,0.98410910789
7201307,0.0790001650223,0.166971941037,0.754027893941
6825434,0.00378932503138,0.0943029070018,0.901907767967
6848114,0.00684788356778,0.00899054636901,0.984161570063
6947758,0.568554496392,0.281803431567,0.149642072041
6897002,0.00441707809858,0.039307613889,0.956275308012
6926661,0.00262131680565,0.0146804523207,0.982698230874
6867411,0.025373303295,0.397232338541,0.577394358164
6910154,0.010226091133,0.162335717616,0.827438191251
7157900,0.002880718985,0.00985615736036,0.987263123655
6922324,0.00656801488899,0.0715660132192,0.921865971892
6863068,0.0222006250481,0.147160204765,0.830639170187
6912109,0.00278641003543,0.0195980721575,0.977615517807
6918609,0.327527029242,0.470554302377,0.201918668381
6889300,0.039015363964,0.309820263155,0.651164372881
6837794,0.138876528277,0.631268083076,0.229855388646
6943098,0.177296747505,0.418491689868,0.404211562627
6927601,0.0183504769561,0.312594013239,0.669055509805
6897826,0.00234973385035,0.00564403319774,0.992006232952
6882892,0.00237665375679,0.00621007505185,0.991413271191
6873384,0.0879448059696,0.441236077631,0.470819116399
6934693,0.00592466045199,0.00772994279707,0.986345396751
7224450,0.0188301268747,0.193037207676,0.788132665449
6898157,0.00274693327352,0.0052404459515,0.992012620775
6837355,0.00243458358408,0.00572842686049,0.991836989555
6830595,0.0108285358112,0.666483242678,0.32268822151
6943561,0.0288538623939,0.175465964318,0.795680173289
6844380,0.0976566911885,0.500401440048,0.401941868764
6814286,0.0250137570837,0.28338953838,0.691596704537
6898520,0.126965548084,0.364092061598,0.508942390319
6940979,0.18655836473,0.507595543701,0.305846091569
6851090,0.00556824532106,0.0121724046045,0.982259350074
7107169,0.0104293102189,0.160067198551,0.82950349123
6830287,0.00479137657348,0.0739278600402,0.921280763386
6933575,0.0328414318787,0.21218658915,0.754971978971
6938972,0.0112023674836,0.0107492499373,0.978048382579
6888315,0.0111136129654,0.0754062578812,0.913480129153
6855106,0.00720142563099,0.104386357239,0.88841221713
6838237,0.152956102907,0.556142333302,0.290901563791
6901024,0.00371743625551,0.0711507888254,0.925131774919
6846627,0.00397715422026,0.00946724462644,0.986555601153
7219857,0.00206786521702,0.00506843706108,0.992863697722
6852685,0.00390107693495,0.01510720964,0.980991713425
6831610,0.153575454012,0.419632317972,0.426792228016
6943538,0.00302634504167,0.0321447156672,0.964828939291
6911637,0.0148614260848,0.145111378271,0.840027195644
6854543,0.00395625752247,0.0116407788709,0.984402963607
6940451,0.475881512757,0.322503977215,0.201614510028
6819530,0.185402240292,0.504143232286,0.310454527422
7093396,0.00483155116635,0.0683268950982,0.926841553735
6840326,0.00131847050996,0.00609095937627,0.992590570114
6834204,0.00472928002235,0.0106666060628,0.984604113915
6902518,0.105145084428,0.411456968985,0.483397946587
6930253,0.0314720141829,0.223787415014,0.744740570803
6828293,0.00215844626152,0.00382534948354,0.994016204255
7203744,0.0384666711747,0.0148800812491,0.946653247576
6816478,0.122942167005,0.266370052514,0.61068778048
6868890,0.165399192481,0.330587537819,0.5040132697
6879338,0.058717746627,0.340423183597,0.600859069776
6898532,0.714915549108,0.0684516350458,0.216632815846
6899965,0.0173869725594,0.10920691199,0.873406115451
7133875,0.00252747203057,0.0057660189965,0.991706508973
6822218,0.00921853395444,0.108140994363,0.882640471682
6814018,0.248663186275,0.473710108105,0.277626705619
6896376,0.384687735664,0.415598559896,0.19971370444
6918670,0.0105637273531,0.11390826081,0.875528011837
6867839,0.00236186071172,0.018150821141,0.979487318147
6823554,0.0045434061622,0.0124079640593,0.983048629778
6934798,0.00413604731237,0.00840430341411,0.987459649274
6820823,0.0319667278295,0.379804714916,0.588228557254
6880212,0.00280676095231,0.0302841432519,0.966909095796
6934814,0.00303202000611,0.00587114332405,0.99109683667
7254134,0.00631498120682,0.0659224527895,0.927762566004
6938303,0.193545301021,0.465987713182,0.340466985797
6813807,0.0191236090788,0.220139839412,0.760736551509
6878604,0.116832747311,0.231254462064,0.651912790625
6876763,0.0041155499867,0.00544286397889,0.990441586034
6844352,0.00257408487911,0.0197877017218,0.977638213399
6915939,0.00612086535617,0.182152969531,0.811726165113
7109370,0.0227463675115,0.237512042544,0.739741589944
6855445,0.0102237281943,0.0213220612481,0.968454210558
6818668,0.0234376469541,0.364147480343,0.612414872703
6836527,0.00229995630811,0.00385520396542,0.993844839726
6831717,0.00515791160826,0.0909434839949,0.903898604397
6937162,0.0398623080858,0.0171392493908,0.942998442523
6922876,0.00788515898353,0.190038055272,0.802076785745
7109482,0.0221206010774,0.263481251531,0.714398147392
6940972,0.0186085225571,0.292398984297,0.688992493146
6883790,0.952206220854,0.0234770716564,0.0243167074895
6921643,0.0270632926679,0.194519760427,0.778416946905
6935700,0.00368061323888,0.0631940563541,0.933125330407
6827025,0.0177394026096,0.928646317469,0.053614279921
6943096,0.0293830637399,0.175435662383,0.795181273877
7161468,0.00328882140731,0.00825121229059,0.988459966302
6879610,0.00309724062588,0.0670220268519,0.929880732522
6935762,0.005831628024,0.134732820488,0.859435551488
6925042,0.00820760039807,0.082177368343,0.909615031259
7121050,0.0170154850573,0.15555562576,0.827428889183
6821601,0.00413840826075,0.00972166506119,0.986139926678
6926810,0.0111575573928,0.0814324046154,0.907410037992
6946532,0.00735888347885,0.105195240649,0.887445875872
6875171,0.0844341863086,0.554790262066,0.360775551625
7096285,0.0127175436995,0.29121498395,0.696067472351
6812321,0.00286660150838,0.00558789115468,0.991545507337
6822697,0.0153696908018,0.112458782557,0.872171526641
6941294,0.00649537923287,0.0856445062949,0.907860114472
6873564,0.00177532835648,0.00604217888839,0.992182492755
6926791,0.0121265998057,0.0801345566103,0.907738843584
7142444,0.380265288337,0.334781281594,0.284953430068
6878128,0.0122234762455,0.0365246128216,0.951251910933
6927428,0.0252189245854,0.269196338939,0.705584736475
6812674,0.00146857049844,0.00213623883619,0.996395190665
6881774,0.0962047978197,0.456436245876,0.447358956304
7167797,0.00390037994455,0.0622846862531,0.933814933802
6865238,0.212554140404,0.586326860653,0.201118998943
6841710,0.020959613863,0.454636427652,0.524403958485
6856334,0.00123460933785,0.0018383326505,0.996927058012
6906462,0.0129715435005,0.132227822612,0.854800633887
6837438,0.0228722348198,0.356879310291,0.620248454889
6908277,0.0887426395069,0.450877389205,0.460379971288
6841291,0.00302629117325,0.00674439503971,0.990229313787
6915178,0.0272005493922,0.0924542253346,0.880345225273
6893031,0.0906311434069,0.400320197214,0.509048659379
6894985,0.214940391834,0.630189825247,0.154869782919
6931134,0.0319272379245,0.16950968745,0.798563074626
6872264,0.0826527463507,0.38908816536,0.52825908829
6816953,0.0964774634945,0.426641187978,0.476881348527
7163518,0.0482038904293,0.535389472278,0.416406637293
6893253,0.00938181868734,0.229376277365,0.761241903948
6943822,0.00494193738191,0.0693797824986,0.925678280119
6946313,0.0155287952604,0.188820645481,0.795650559259
6839443,0.00638630151294,0.0595014505424,0.934112247945
6911338,0.00762131153776,0.146445480358,0.845933208104
7223877,0.212634717513,0.571944645102,0.215420637385
6917884,0.00401276101267,0.00914799860606,0.986839240381
6823126,0.00276933151318,0.0279878239572,0.96924284453
6939488,0.006482724852,0.0360451853125,0.957472089835
7196924,0.0060981902691,0.00707334696575,0.986828462765
6905685,0.00284732882346,0.00669538165861,0.990457289518
6894092,0.00916873516426,0.0716299287459,0.91920133609
6812181,0.00239308547923,0.00685922293726,0.990747691584
6854610,0.0125029479602,0.245698781384,0.741798270656
6873754,0.0457800578248,0.389840035283,0.564379906892
6859181,0.9335533992,0.0299480964217,0.0364985043786
6825402,0.00321971896308,0.0236824760336,0.973097805003
6819526,0.0128806313737,0.17981818403,0.807301184596
6896065,0.00235287734343,0.00963033422695,0.98801678843
6931793,0.0137330138597,0.208552634934,0.777714351206
6907360,0.00399060289238,0.043968731772,0.952040665336
6813182,0.0103992444729,0.138323072748,0.851277682779
6823959,0.00281202369915,0.047561488649,0.949626487652
6942189,0.00617756289491,0.0134923501438,0.980330086961
6844384,0.119793761716,0.364794937047,0.515411301237
6836888,0.00671482295998,0.176460043428,0.816825133612
6917844,0.00835110181134,0.148873123598,0.842775774591
6937842,0.247283781703,0.492829173568,0.259887044728
6926917,0.0287933426196,0.334265408943,0.636941248438
7160740,0.00941163318795,0.0146235330007,0.975964833811
6936310,0.173203680534,0.436496007676,0.39030031179
6849109,0.126651746396,0.368833233572,0.504515020032
6831018,0.00307592692398,0.0259743359922,0.970949737084
6909842,0.013187047032,0.14332350112,0.843489451848
6861360,0.004715681853,0.0103081568155,0.984976161331
6883414,0.0100394229808,0.125723690847,0.864236886173
6876026,0.0284461253469,0.320692387302,0.650861487351
7095390,0.00410336491722,0.00775786746185,0.988138767621
6932265,0.0563861825243,0.919757087829,0.0238567296465
6870949,0.00298978341167,0.0639046831556,0.933105533433
6831335,0.086932509615,0.431076941192,0.481990549193
6895698,0.166364740013,0.46925394611,0.364381313877
6889889,0.0204444219131,0.179599381179,0.799956196908
6876679,0.00327007042706,0.139214938948,0.857514990625
6947097,0.0948080481765,0.421707058238,0.483484893586
6874970,0.00318256253062,0.00757091521886,0.989246522251
6831069,0.0497999783284,0.449813483102,0.500386538569
6833628,0.00508829274748,0.010774244834,0.984137462419
6819282,0.102801460351,0.517055563656,0.380142975993
6825025,0.00281294142149,0.0304207026676,0.966766355911
6856513,0.0184648796852,0.23251442527,0.749020695045
6928711,0.00302665864929,0.00381674815031,0.9931565932
6832548,0.279520071194,0.427105449436,0.29337447937
6881870,0.0297414041599,0.310464071446,0.659794524394
6866978,0.314326884205,0.37889564532,0.306777470475
7163400,0.135768062754,0.595833725151,0.268398212095
6917187,0.00745650753641,0.00873886559426,0.983804626869
6927475,0.0703671205799,0.26721818495,0.66241469447
6903243,0.0214229915156,0.255007050146,0.723569958338
6876188,0.003330221383,0.0164828233757,0.980186955241
6922219,0.00424548925663,0.0785094258158,0.917245084928
7104085,0.00315560190833,0.0338232824597,0.963021115632
6920897,0.159075135689,0.664662747564,0.176262116748
6812177,0.00286544826075,0.006321324072,0.990813227667
6941047,0.124526717632,0.371403273808,0.50407000856
6827609,0.00254415431289,0.00556604729788,0.991889798389
6934328,0.00254770962818,0.00519145290836,0.992260837463
6937556,0.108760648238,0.260355922155,0.630883429607
6879765,0.112486107261,0.529201862589,0.35831203015
6942927,0.0031932370001,0.026791278912,0.970015484088
6945170,0.0110577322744,0.181719604983,0.807222662742
6901915,0.0035552558695,0.100710514739,0.895734229392
6824475,0.00335839960078,0.0464055850841,0.950236015315
6832968,0.00172771763754,0.003514346012,0.99475793635
7166718,0.00149166382185,0.0029772852583,0.99553105092
6905079,0.00541717953016,0.0846152653752,0.909967555095
6940297,0.404666676123,0.517615714004,0.0777176098721
6911080,0.0147003409887,0.244528380222,0.740771278789
6917208,0.00295704274709,0.0096116589588,0.987431298294
6858925,0.00473930447693,0.0735968412976,0.921663854225
7169883,0.136106149913,0.411950384949,0.451943465138
6944112,0.174587614187,0.553616743037,0.271795642776
6885816,0.00557699030958,0.0194354672878,0.974987542403
6837733,0.0159321135985,0.237806280742,0.746261605659
6828658,0.045927922399,0.302681271006,0.651390806595
6839429,0.402562758383,0.488691699975,0.108745541642
7164794,0.00326315103397,0.0231730094485,0.973563839518
6837661,0.0928734669633,0.383892355438,0.523234177598
6883255,0.0300728633603,0.287543133224,0.682384003415
6833054,0.0106348182154,0.0746906445361,0.914674537248
7675463,0.0134942154867,0.130046007196,0.856459777318
6871526,0.0118121106961,0.0177632312822,0.970424658022
6876295,0.0367039399369,0.355420640447,0.607875419616
7204045,0.00268968151381,0.0115897851757,0.98572053331
6840357,0.0182515542343,0.246745759666,0.7350026861
6917531,0.345915335137,0.256740500363,0.3973441645
6886057,0.304982149031,0.504998411224,0.190019439745
6833734,0.252037323499,0.53432089131,0.213641785192
6908098,0.0123335336999,0.145810479271,0.841855987029
6860562,0.0133290494655,0.0793934472076,0.907277503327
6859167,0.497007548801,0.40078228814,0.102210163059
6812141,0.00235452331754,0.00548134356835,0.992164133114
6919431,0.0115521067529,0.152345908696,0.836101984551
6869389,0.0062188606549,0.00942930527516,0.98435183407
6906034,0.00521851360905,0.0153407287658,0.979440757625
7108495,0.00632171779673,0.00969106048394,0.983987221719
6864681,0.00835377581877,0.0130119182599,0.978634305921
6893982,0.00230320594945,0.0631130065381,0.934583787512
6862160,0.0112156685688,0.189581871019,0.799202460412
6854804,0.0379829851155,0.322871021407,0.639145993478
7143164,0.0287406992968,0.198356586552,0.772902714151
6936651,0.005338569251,0.0185467341522,0.976114696597
6837450,0.00576368517537,0.170924564849,0.823311749976
6908259,0.590352111588,0.313760665616,0.0958872227958
6916539,0.00316341096121,0.0067347972885,0.99010179175
6947176,0.0453342503904,0.227578431018,0.727087318592
6933958,0.130200221703,0.493142073913,0.376657704384
6816549,0.131110172696,0.513037817947,0.355852009357
6876117,0.010192880643,0.128304128208,0.861502991149
6848605,0.0228744119982,0.255626147141,0.721499440861
6840659,0.0070129363045,0.00987539246363,0.983111671232
6823496,0.304323685173,0.613092536716,0.0825837781113
6912609,0.00256217121915,0.00426257243387,0.993175256347
7097937,0.00254775273061,0.00594157675356,0.991510670516
6924524,0.0177038924932,0.185553457078,0.796742650429
6938236,0.043525904757,0.367834250468,0.588639844775
6865751,0.00316142495436,0.0723968075141,0.924441767531
6936323,0.00271512413298,0.0664343415033,0.930850534364
6868422,0.18806204426,0.32799925828,0.48393869746
7210133,0.0476171912523,0.32299350619,0.629389302558
7215631,0.00743805036272,0.127830333029,0.864731616609
6940189,0.0908634148001,0.372784311757,0.536352273442
6888941,0.00299293271818,0.0195632658684,0.977443801413
6831598,0.109063165907,0.467382395899,0.423554438195
6939963,0.00386302787579,0.0726016090725,0.923535363052
6897175,0.0182291078703,0.247689924527,0.734080967603
6816167,0.0073595384362,0.0361468594597,0.956493602104
6812965,0.0153758469132,0.177735973838,0.806888179249
7149372,0.24162874919,0.464690452364,0.293680798446
6875959,0.00409512740173,0.0117537701357,0.984151102463
6925644,0.0723366179582,0.380847517884,0.546815864158
6874269,0.0490992355021,0.43355892303,0.517341841468
6814721,0.0137173549883,0.0818828231441,0.904399821868
6922432,0.011402355313,0.106100814859,0.882496829828
6858861,0.00810823726978,0.011163131203,0.980728631527
6835339,0.00220032662939,0.00397363082629,0.993826042544
6896997,0.06262787713,0.192102973447,0.745269149423
6921134,0.00300981293194,0.00395249413471,0.993037692933
6883685,0.0270556797429,0.362735902367,0.61020841789
6911406,0.00805815831991,0.0569083425455,0.935033499135
6825733,0.482740263443,0.438671344362,0.078588392195
6884462,0.0361411905242,0.477698676053,0.486160133423
6858682,0.00573594363895,0.0683636227388,0.925900433622
6894013,0.0449745319984,0.288039989342,0.66698547866
6856391,0.11169681631,0.673002096935,0.215301086755
6828064,0.00392685902817,0.0451270862066,0.950946054765
6817336,0.00221132158051,0.00547053103412,0.992318147385
6819178,0.0189736498961,0.0819339490849,0.899092401019
7147339,0.00456898659104,0.0148151999091,0.9806158135
6887757,0.0565088209045,0.308648750464,0.634842428632
6946859,0.00803538290541,0.1140792448,0.877885372295
6855963,0.00588853617127,0.0099563785409,0.984155085288
6839828,0.0768546969478,0.336321565321,0.586823737731
6870806,0.0462965827131,0.385794671048,0.567908746239
6880221,0.0930045480329,0.481948681631,0.425046770336
6921809,0.0126790077254,0.210407996018,0.776912996257
6897069,0.222413916466,0.509389022382,0.268197061152
6897157,0.18213876099,0.553365451522,0.264495787488
6898912,0.062845666093,0.166036123524,0.771118210383
6856271,0.022619378703,0.676358067852,0.301022553445
6888381,0.00302969020271,0.00406014865252,0.992910161145
7099191,0.0022221853215,0.00231773176578,0.995460082913
6917882,0.0954342146373,0.450832740254,0.453733045109
6931260,0.00214092086319,0.00485229984984,0.993006779287
6849996,0.144223174559,0.500453681131,0.35532314431
6887973,0.00903513059951,0.0677303626388,0.923234506762
6850205,0.172415583576,0.417138531855,0.410445884569
6845657,0.700140223246,0.140389673053,0.159470103701
6930302,0.00767266065451,0.0978030627849,0.894524276561
6852391,0.0249336620632,0.135917163804,0.839149174133
6920411,0.171494459495,0.454655492632,0.373850047873
6907999,0.00251682493501,0.0101524045199,0.987330770545
6864094,0.0108237800972,0.196960912733,0.79221530717
6813852,0.0104677562589,0.12931420918,0.860218034562
7232295,0.173881027393,0.437318058687,0.388800913919
6896558,0.0265885425517,0.264831917726,0.708579539722
6858919,0.348075091541,0.364234680697,0.287690227762
6847828,0.00219627320693,0.0114662532317,0.986337473561
6925116,0.00333487361502,0.0834419457216,0.913223180663
6854687,0.0117264251993,0.113144560151,0.87512901465
6946415,0.0285159958762,0.343693735908,0.627790268216
6827859,0.00234705005852,0.003594249637,0.994058700304
6884313,0.254213900633,0.551679324297,0.19410677507
6848651,0.0364753615014,0.200857716205,0.762666922294
7136298,0.00380705876337,0.0850848252656,0.911108115971
6874534,0.0239176037983,0.248492875328,0.727589520874
6908942,0.614402854925,0.333218514541,0.0523786305333
6894718,0.00374597985426,0.0691963295901,0.927057690556
6876449,0.0209024500733,0.30783977696,0.671257772967
6825630,0.263094829246,0.523908327612,0.212996843142
7155655,0.00586674543277,0.051120031278,0.943013223289
7201310,0.0144570376823,0.23803411176,0.747508850558
6864334,0.00321994141232,0.0636091896527,0.933170868935
6876658,0.00496718841173,0.126544569132,0.868488242457
6842370,0.0384163325293,0.932537989404,0.0290456780666
6835467,0.971536587719,0.0169393876172,0.011524024664
7227368,0.0108153945136,0.220729657216,0.76845494827
6859482,0.0149029323567,0.0178078648441,0.967289202799
6878641,0.00248946530823,0.0257437879304,0.971766746761
6869916,0.00227169310244,0.00464294650424,0.993085360393
6841060,0.0534614705226,0.316827345728,0.62971118375
6887832,0.0233885850207,0.179196084081,0.797415330898
6905898,0.00264321699681,0.00737870468842,0.989978078315
7104742,0.177147077284,0.456967633102,0.365885289614
6948090,0.0110904070081,0.130212183969,0.858697409023
6839851,0.00606103465465,0.00970832337124,0.984230641974
6934051,0.00265205030279,0.0303442120599,0.967003737637
6888727,0.135809363638,0.43996396588,0.424226670482
7167478,0.0131567267204,0.011629319286,0.975213953994
6892109,0.186808030189,0.535722685268,0.277469284543
6908544,0.090980637651,0.84851620625,0.0605031560989
6921725,0.0151402104455,0.210046150501,0.774813639053
6932343,0.0810595266247,0.304295206592,0.614645266784
6914309,0.00289403421997,0.0060430250663,0.991062940714
6919805,0.00532381194194,0.00947526457912,0.985200923479
6947828,0.024898693604,0.45833218475,0.516769121646
6920362,0.038786957642,0.19933914589,0.761873896468
7110179,0.709094032474,0.244977828482,0.0459281390443
6877834,0.00304323835355,0.00295972418507,0.993997037461
6876966,0.00481454116737,0.019928467672,0.975256991161
6823918,0.00336974158085,0.00638528713253,0.990244971287
6871243,0.00269380313397,0.00558094003259,0.991725256833
6928189,0.0315935677708,0.41499704411,0.553409388119
6852455,0.0111224069833,0.14918344481,0.839694148207
7208631,0.00248014688439,0.00703139374222,0.990488459373
6831811,0.0457860760968,0.913777599336,0.040436324567
6904276,0.00244117815493,0.0128468553793,0.984711966466
6831589,0.00389969475672,0.00743141577601,0.988668889467
6901814,0.920878131064,0.0211700187946,0.0579518501413
6854667,0.328604930489,0.167048872605,0.504346196905
7192650,0.00213918142065,0.0218489522099,0.976011866369
6836299,0.00289046061521,0.00585884592034,0.991250693464
6887919,0.00940699528794,0.120856588371,0.869736416341
6927679,0.0825637320807,0.415386524209,0.50204974371
6855908,0.0229890768831,0.311423963858,0.665586959259
6854766,0.00241585375944,0.0200043488798,0.977579797361
6847472,0.00432454771556,0.0184124765607,0.977262975724
6862519,0.0603041211334,0.247708698327,0.69198718054
6938819,0.0495902579211,0.0163030873205,0.934106654758
6945434,0.0834252339549,0.363828561653,0.552746204392
6832722,0.478546108732,0.447525853314,0.0739280379536
6852707,0.00419653289972,0.0539136708704,0.94188979623
7177680,0.0269208494401,0.944832927698,0.028246222862
6834945,0.00358451343927,0.0315003059357,0.964915180625
6890316,0.00387214350667,0.0301940190991,0.965933837394
6816620,0.218849421347,0.264137805264,0.517012773389
6945175,0.00723411468175,0.137565305114,0.855200580204
6914016,0.00187457950702,0.00365760404075,0.994467816452
6852619,0.0178221680051,0.254313867284,0.727863964711
6813211,0.192961490869,0.437324475567,0.369714033564
6820546,0.00684727076033,0.0546821270084,0.938470602231
6836128,0.00447313714448,0.0064066213264,0.989120241529
6850557,0.00760416003413,0.0949445881381,0.897451251828
6864997,0.511410986123,0.201722056354,0.286866957523
6883705,0.0178285812181,0.0826469255121,0.89952449327
6898767,0.00589120595589,0.0497187671659,0.944390026878
6866020,0.00922876237029,0.0110828066995,0.97968843093
7126382,0.392765478842,0.498747079763,0.108487441395
6847427,0.1625558238,0.49605378588,0.34139039032
6841013,0.0380201166015,0.307331981016,0.654647902383
6909469,0.0030299663452,0.019907264903,0.977062768752
6922473,0.0447952004108,0.234646094637,0.720558704952
6925906,0.150568284024,0.563964121347,0.28546759463
6946014,0.0197116262888,0.0915456868778,0.888742686833
6820739,0.0125915717724,0.266012466503,0.721395961725
6927559,0.682280774529,0.243709493218,0.0740097322533
7174772,0.00229116986317,0.00609476593615,0.991614064201
6931036,0.0157193260758,0.212447464736,0.771833209188
6918163,0.00749147605115,0.0496542719938,0.942854251955
6893604,0.101894838755,0.590230102546,0.307875058699
6868844,0.0153776106731,0.248839376173,0.735783013154
6814537,0.213176199522,0.477097354879,0.3097264456
6916118,0.00776746039963,0.0118741240659,0.980358415534
6838509,0.01914493398,0.214172653358,0.766682412662
6919725,0.118248277234,0.401275614165,0.480476108602
6932476,0.00219229509753,0.00658904019912,0.991218664703
6860496,0.00840780187546,0.10746757713,0.884124620995
7156799,0.00355680344353,0.135884845027,0.86055835153
6837521,0.0483300275907,0.309879578535,0.641790393874
6913204,0.15159756575,0.638341304457,0.210061129792
6947516,0.0148803354557,0.147864521111,0.837255143433
6838117,0.00463588787797,0.0146132717947,0.980750840327
6933366,0.00603377380689,0.0138468891173,0.980119337076
7134198,0.0105841784889,0.107829726336,0.881586095175
6898450,0.0642429653997,0.389596191496,0.546160843104
6819926,0.0134542895203,0.106541865241,0.880003845239
6947698,0.02630855522,0.231997570459,0.741693874321
6838721,0.0037860900321,0.00795667938407,0.988257230584
6936661,0.0192243881109,0.275399295715,0.705376316174
6912257,0.143347796267,0.436299003855,0.420353199878
6905569,0.0341988298499,0.137470465163,0.828330704987
6927167,0.331213810019,0.49055233349,0.17823385649
7150689,0.0900521818472,0.668165149743,0.24178266841
6820358,0.0147463824436,0.236649212849,0.748604404708
6945045,0.0280817765882,0.43038298577,0.541535237642
6866884,0.151968021877,0.425433418988,0.422598559135
6820658,0.00698814967514,0.0911874285255,0.901824421799
6826462,0.271472224395,0.493905695138,0.234622080467
6932390,0.0495265676842,0.274779317538,0.675694114778
6905031,0.392963410185,0.530801640699,0.0762349491158
6923011,0.0535732759899,0.240891940362,0.705534783648
6908504,0.818506804773,0.0980024793995,0.0834907158271
6881050,0.115462975987,0.47576906291,0.408767961103
6892968,0.0143987489286,0.15894271139,0.826658539681
7346996,0.0566379707714,0.353010929734,0.590351099495
6876206,0.0147468715179,0.183057510801,0.802195617681
6813475,0.0230596855877,0.208270666651,0.768669647761
7190057,0.00825119534698,0.00638386763063,0.985364937022
6838465,0.0064675903212,0.0718762670161,0.921656142663
6899364,0.725576593995,0.134448147728,0.139975258276
6891616,0.00222230427722,0.00379605247868,0.993981643244
6836715,0.00353331667751,0.0101262305626,0.98634045276
6829616,0.0190903155866,0.246042731789,0.734866952625
6829144,0.00781313106308,0.0826430731138,0.909543795823
6893064,0.0115062333347,0.153531953086,0.834961813579
6861300,0.00278022938988,0.0298957532933,0.967324017317
6926847,0.0228862611066,0.293992588656,0.683121150237
6894021,0.01093454886,0.0825791729945,0.906486278145
6897946,0.00302908969119,0.00827666458444,0.988694245724
6835716,0.00441972808944,0.0114361962968,0.984144075614
6832160,0.0628716249616,0.478992105009,0.458136270029
6835291,0.00174562115607,0.00395074882145,0.994303630022
6945184,0.00301474189849,0.0519520466537,0.945033211448
7140488,0.264112603005,0.540963676882,0.194923720113
6937850,0.0119080739849,0.128444791693,0.859647134322
6899603,0.00496518554395,0.0165278683969,0.978506946059
6903105,0.338478771018,0.427356522306,0.234164706676
6828476,0.0146659546945,0.139602587627,0.845731457679
6835098,0.00590123811305,0.0611063807551,0.932992381132
6830512,0.00325274681588,0.0121603025105,0.984586950674
6879997,0.0221992500099,0.916322270075,0.0614784799156
7131517,0.00560016812079,0.0139707801722,0.980429051707
6835955,0.227897828327,0.578997744469,0.193104427204
6875250,0.0272510402154,0.266439170801,0.706309788983
6932794,0.0560049743157,0.262561179114,0.68143384657
6948263,0.0180133796036,0.218187593362,0.763799027034
6867201,0.347633980596,0.346797843384,0.30556817602
6882748,0.00779967057568,0.00867222559855,0.983528103826
6902842,0.157756812934,0.509428464226,0.33281472284
6847535,0.0165026278256,0.228095293823,0.755402078351
6825267,0.0200012976737,0.0219006566055,0.958098045721
6909277,0.00324827615894,0.00625355554399,0.990498168297
7152429,0.689225305183,0.287792019417,0.0229826753997
6931179,0.00213230113009,0.00527741379482,0.992590285075
6896746,0.0267826549435,0.191962314441,0.781255030616
6937073,0.00661011195292,0.023694460652,0.969695427395
6934627,0.00844805531156,0.0412870274793,0.950264917209
6887878,0.331255223853,0.500320556706,0.168424219441
6921531,0.0165915209882,0.267930600663,0.715477878349
6897461,0.00317315565007,0.00493815591299,0.991888688437
6862066,0.00716058826238,0.0809504455671,0.91188896617
6851531,0.116165538549,0.515502543548,0.368331917903
6928550,0.00336873734042,0.00619705199508,0.990434210665
6945851,0.00524436420142,0.147610601576,0.847145034223
6946955,0.00273636729149,0.00609768990939,0.991165942799
6869136,0.158079093293,0.560845235067,0.281075671641
6908667,0.0280152813867,0.439839419251,0.532145299362
6820525,0.015966239922,0.274924645781,0.709109114297
6887970,0.0692399002292,0.337655592904,0.593104506867
6848365,0.0119403963656,0.133317260511,0.854742343124
6816173,0.00430211679337,0.0878046714152,0.907893211791
6900732,0.00284723992206,0.0076558524417,0.989496907636
6815786,0.00611789477252,0.163037008079,0.830845097148
6945972,0.0203012710911,0.278821482429,0.70087724648
6848445,0.0167810183574,0.239381390051,0.743837591592
6856486,0.0660761945303,0.355383397406,0.578540408064
6867010,0.00351524851838,0.00698194844242,0.989502803039
6828257,0.0148258013571,0.00838239993779,0.976791798705
6871807,0.0437970314107,0.349457653785,0.606745314804
7212966,0.00221300384255,0.0032664887544,0.994520507403
6889959,0.0141174183699,0.110325716787,0.875556864843
6915510,0.00398130622468,0.0499611332282,0.946057560547
6905402,0.00961975704153,0.0104381147923,0.979942128166
6826100,0.212784061916,0.458921002157,0.328294935927
6848893,0.00322591126163,0.0312961342815,0.965477954457
7155647,0.233582185559,0.484084263835,0.282333550606
6812883,0.225515604145,0.621075431328,0.153408964528
6866095,0.00474903648215,0.0833367617382,0.91191420178
6931127,0.00329234493759,0.00568598087649,0.991021674186
6829407,0.0027426294009,0.00588284574183,0.991374524857
6867548,0.0312386287341,0.384559333701,0.584202037565
7132575,0.0750917102539,0.371033168363,0.553875121383
6890847,0.00714140631922,0.114827000976,0.878031592705
6916429,0.0060817317033,0.00846875752397,0.985449510773
6884716,0.11375864535,0.284917972602,0.601323382049
6896897,0.492203872352,0.342077067889,0.165719059759
6941572,0.00297313507728,0.0125712409832,0.98445562394
6945277,0.0114848745143,0.112259198879,0.876255926607
7133293,0.00322656978044,0.00788091130473,0.988892518915
7213385,0.0026159821116,0.0061957746687,0.99118824322
6831928,0.00426244551049,0.142415917596,0.853321636893
6932687,0.00493521675096,0.0797255652537,0.915339217995
6873877,0.00463283273112,0.115238852562,0.880128314707
7135459,0.00636612024134,0.0182337660592,0.975400113699
6876620,0.00497456271786,0.0388375359326,0.95618790135
6936163,0.0483062867416,0.215036107093,0.736657606165
6912398,0.0115063465854,0.132734753098,0.855758900316
6917655,0.00270298250738,0.00705686375032,0.990240153742
6941149,0.0504154060221,0.219181216149,0.730403377828
6941378,0.0421227038802,0.328292945968,0.629584350152
6882453,0.0199042813232,0.120234598151,0.859861120526
7119160,0.103936210053,0.46975952164,0.426304268307
6868451,0.0226288384321,0.329754328516,0.647616833052
6945881,0.0178064683162,0.210811468167,0.771382063516
6822541,0.0019261437826,0.00393045525598,0.994143400961
6884355,0.0962536626564,0.361959192209,0.541787145134
7132247,0.0178334736162,0.225479836534,0.75668668985
6872049,0.0103596682435,0.160014220656,0.8296261111
6890740,0.00316859734219,0.0203315389257,0.976499863732
6840897,0.0191011011183,0.26225910584,0.718639793041
6847694,0.0512818697421,0.316664470104,0.632053660154
6938196,0.00428805553195,0.0501968590644,0.945515085404
6939526,0.00337041974438,0.00617801894195,0.990451561314
6917529,0.00306762617093,0.00568710452406,0.991245269305
6885636,0.00524655779073,0.0780643618254,0.916689080384
7202614,0.00239649060859,0.010880941091,0.9867225683
6926453,0.177708104334,0.583984707002,0.238307188664
6844636,0.950072244496,0.0231677468055,0.0267600086983
6879293,0.502567854586,0.334476619357,0.162955526057
6924780,0.0173133421351,0.209834673892,0.772851983973
6881024,0.0107394305247,0.00595251307847,0.983308056397
6851374,0.0287778224488,0.123150298134,0.848071879417
6850953,0.00311140138782,0.00741309192374,0.989475506688
6892292,0.0625601406195,0.203375788947,0.734064070434
6886159,0.00393324842047,0.0112275954526,0.984839156127
6849877,0.00377129242171,0.0103104255947,0.985918281984
6940840,0.00346168003653,0.0554481639241,0.941090156039
6926838,0.00659709541367,0.154934710267,0.838468194319
6879243,0.295748336849,0.496264613632,0.207987049519
6944286,0.00475953704072,0.0100646411822,0.985175821777
6915587,0.0103473078186,0.140736455454,0.848916236727
6881904,0.00382726386406,0.0100892151235,0.986083521012
7154358,0.932390934668,0.0316743895301,0.0359346758023
6899258,0.00673357808909,0.095956553778,0.897309868133
6855460,0.197425579083,0.481157209567,0.32141721135
6864884,0.00649492545806,0.0146851323273,0.978819942215
6868209,0.00972172583285,0.0123295961681,0.977948677999
6853834,0.0190162669861,0.22980122252,0.751182510494
7210020,0.0118688205556,0.136014881807,0.852116297637
6933228,0.00559841315919,0.0740537756127,0.920347811228
6929227,0.00191609742139,0.0027768177029,0.995307084876
7192346,0.00468046368077,0.00862004927626,0.986699487043
6928834,0.00387292870868,0.092809169417,0.903317901874
6812269,0.00272493601894,0.00564337187963,0.991631692101
6851446,0.130752763559,0.393797398122,0.475449838319
6930820,0.00645368630881,0.056434537895,0.937111775796
6875310,0.0199291554556,0.254658279152,0.725412565392
6932397,0.0327085648307,0.15141788981,0.815873545359
6904291,0.00563916503817,0.00998020669157,0.98438062827
6921642,0.018057262671,0.245207870039,0.73673486729
7136057,0.0169089916999,0.0161678271967,0.966923181103
6920815,0.0777647124231,0.465442037124,0.456793250453
6861757,0.0941120332566,0.465651169787,0.440236796956
6934222,0.252968911885,0.597544989911,0.149486098205
6946448,0.0301941254773,0.292523332299,0.677282542223
6890569,0.00329683583784,0.0125393963655,0.984163767797
6884477,0.0241986189796,0.250320836792,0.725480544228
7145006,0.00107709391825,0.00183492096473,0.997087985117
6893718,0.0140402234043,0.00547934308145,0.980480433514
6893330,0.00286694611272,0.00604067452462,0.991092379363
6901780,0.00642778218076,0.00954505816923,0.98402715965
6815738,0.0311401077304,0.372773328168,0.596086564102
6917209,0.00305310333953,0.00960034187239,0.987346554788
6904227,0.00382479601441,0.0701303475484,0.926044856437
6894402,0.0134570817236,0.053917839128,0.932625079148
7146083,0.0192042814624,0.219037060042,0.761758658495
6902153,0.00950485625782,0.0225552215929,0.967939922149
6925988,0.00511350006974,0.230496113474,0.764390386456
6881323,0.00189214215817,0.00238034766432,0.995727510178
6937405,0.0149597422996,0.00933219160673,0.975708066094
7098390,0.0720506898491,0.323779088401,0.60417022175
6935942,0.127254946044,0.533478920207,0.339266133749
6833510,0.0180121971135,0.267897965344,0.714089837543
6812857,0.0244926408058,0.0953508005242,0.88015655867
6828441,0.00609825810022,0.152830747235,0.841070994664
6915711,0.0772061073854,0.362291855949,0.560502036666
6880643,0.214434349574,0.475722321847,0.30984332858
7224930,0.0174334463594,0.230658457093,0.751908096548
6852614,0.00348689139655,0.0475939678879,0.948919140716
6853816,0.0036781979207,0.00645808796669,0.989863714113
6811964,0.316070759621,0.342665745696,0.341263494683
6847800,0.00321130906784,0.0550278359253,0.941760855007
6859897,0.224360565879,0.455131155339,0.320508278782
6882929,0.0618026353484,0.291671607695,0.646525756957
7157584,0.00222406960537,0.0104277310032,0.987348199391
6863444,0.0046288412735,0.00640770058623,0.98896345814
6836902,0.00387125053884,0.0614332870412,0.93469546242
6918960,0.013631573803,0.117038922134,0.869329504063
6882854,0.0249580428893,0.252293621954,0.722748335157
6822755,0.00272594813403,0.00513887380425,0.992135178062
6815184,0.00781491434625,0.0109675805912,0.981217505063
6846582,0.0152139011374,0.101482955732,0.88330314313
6940309,0.00658779346518,0.0667193083466,0.926692898188
6924056,0.00917645375836,0.13105279841,0.859770747832
6824481,0.01131933716,0.127474198094,0.861206464746
6839735,0.0100375933987,0.0549256068851,0.935036799716
6900130,0.00297030468497,0.0600715418384,0.936958153477
6946739,0.00296226515328,0.0258028912307,0.971234843616
7144008,0.015425326666,0.169842264429,0.814732408905
6863751,0.00272434926295,0.00608423341045,0.991191417327
6820293,0.0702620061829,0.341452574159,0.588285419658
6818472,0.00434576520005,0.0972172256399,0.89843700916
6832420,0.00418299568814,0.0118401427425,0.983976861569
6879450,0.0073955898754,0.053224166691,0.939380243434
6943618,0.00374812851355,0.102551709385,0.893700162101
6883463,0.00545353560926,0.135725536457,0.858820927933
6834919,0.00969978567052,0.018724082476,0.971576131854
7505696,0.0455233604306,0.128082656763,0.826393982806
6903645,0.00361865222382,0.00934448704802,0.987036860728
6831148,0.537891310561,0.334402422231,0.127706267208
6828948,0.13648663525,0.73961541621,0.12389794854
6878495,0.00471127432387,0.0828778606976,0.912410864979
6924862,0.00201371844567,0.0125127159069,0.985473565647
6887802,0.0088967115917,0.0783919702101,0.912711318198
6903228,0.17312052129,0.39296166431,0.4339178144
6947415,0.00230018168064,0.00210185538523,0.995597962934
6941508,0.785112681288,0.118412871975,0.0964744467368
6856111,0.00972609596459,0.13967525877,0.850598645265
7126808,0.015645735862,0.396392155079,0.587962109059
6939857,0.00510660585733,0.105894649477,0.888998744666
